<?xml version="1.0"?>
<opencv_storage>
<camera_matrix type_id="opencv-matrix">
  <rows>3</rows>
  <cols>3</cols>
  <dt>d</dt>
  <data>
    1515.3383146941951 0. 959.70930740866606 0. 1515.3383146941951
    538.88648786909187 0. 0. 1.</data></camera_matrix>
<distortion_coefficients type_id="opencv-matrix">
  <rows>5</rows>
  <cols>1</cols>
  <dt>d</dt>
  <data>
    0.21805925939525461 -1.0134336950253868 -0.00063461780712765223
    0.00027100236288510375 1.4139360773433962</data></distortion_coefficients>
</opencv_storage>
